25 250 1 25 2400
11 22 1124 1076
12 15 311 289
13 15 210 190
5 14 923 877
8 13 510 490
2 19 1675 1725
11 16 508 492
19 20 75 125
11 22 1108 1092
3 17 1406 1394
9 10 108 92
10 11 109 91
7 17 982 1018
12 19 700 700
1 18 1686 1714
11 15 382 418
4 14 1025 975
17 23 585 615
2 6 384 416
13 24 1078 1122
3 13 1015 985
9 17 808 792
1 15 1403 1397
2 25 2306 2294
8 14 596 604
1 15 1383 1417
7 13 624 576
12 24 1182 1218
7 25 1786 1814
17 19 176 224
10 12 188 212
15 24 905 895
2 18 1619 1581
3 11 815 785
5 8 324 276
10 16 615 585
5 17 1185 1215
1 23 2184 2216
9 22 1291 1309
13 23 992 1008
15 24 880 920
10 15 504 496
4 8 421 379
16 24 779 821
11 12 101 99
10 23 1309 1291
5 8 302 298
6 24 1804 1796
13 24 1086 1114
2 11 876 924
20 21 84 116
8 22 1404 1396
12 14 209 191
19 24 496 504
19 24 492 508
7 19 1180 1220
12 25 1325 1275
10 23 1290 1310
12 22 1005 995
9 22 1282 1318
3 20 1693 1707
17 19 196 204
1 4 313 287
6 10 375 425
14 25 1076 1124
14 24 1024 976
9 14 485 515
6 9 294 306
2 6 375 425
2 25 2321 2279
21 24 317 283
1 22 2081 2119
6 19 1292 1308
3 25 2204 2196
6 15 889 911
16 17 117 83
3 8 513 487
5 9 408 392
17 22 498 502
19 21 210 190
3 21 1777 1823
16 22 575 625
7 10 299 301
3 15 1182 1218
7 24 1678 1722
3 16 1288 1312
16 21 484 516
1 24 2315 2285
17 23 595 605
8 10 203 197
7 11 388 412
4 9 502 498
5 24 1898 1902
20 23 310 290
7 25 1792 1808
11 24 1325 1275
2 11 890 910
14 20 582 618
7 8 125 75
10 25 1486 1514
7 13 594 606
14 15 94 106
11 24 1297 1303
9 13 390 410
5 19 1389 1411
3 13 993 1007
13 24 1116 1084
5 14 916 884
12 20 813 787
8 20 1188 1212
2 12 1011 989
4 18 1418 1382
8 21 1319 1281
3 7 402 398
1 9 779 821
3 23 2011 1989
21 25 417 383
8 11 300 300
4 13 889 911
9 24 1507 1493
1 23 2223 2177
16 23 688 712
6 20 1387 1413
16 24 783 817
3 19 1625 1575
2 24 2178 2222
9 16 722 678
20 22 203 197
13 23 1018 982
8 21 1297 1303
8 9 117 83
5 9 409 391
11 16 484 516
16 24 780 820
9 22 1303 1297
15 24 919 881
6 9 307 293
19 23 420 380
8 17 914 886
5 22 1720 1680
8 15 683 717
9 19 982 1018
6 13 677 723
10 20 997 1003
12 14 214 186
10 17 684 716
12 15 313 287
10 16 604 596
3 6 311 289
3 4 75 125
1 15 1423 1377
3 5 216 184
7 9 208 192
5 13 782 818
21 24 302 298
1 15 1375 1425
6 24 1783 1817
2 8 577 623
2 16 1411 1389
4 17 1308 1292
1 22 2118 2082
3 9 605 595
15 21 623 577
2 20 1804 1796
1 3 211 189
3 23 1999 2001
10 17 712 688
5 23 1822 1778
4 10 621 579
2 12 997 1003
6 7 103 97
1 7 611 589
16 22 579 621
21 22 123 77
23 24 83 117
8 16 781 819
7 8 79 121
19 21 206 194
1 17 1599 1601
5 13 799 801
1 24 2296 2304
5 18 1284 1316
1 17 1613 1587
4 9 481 519
8 20 1201 1199
15 16 93 107
12 21 916 884
14 23 898 902
13 19 601 599
17 22 499 501
8 19 1112 1088
2 21 1882 1918
12 25 1306 1294
12 17 508 492
8 18 1010 990
11 12 80 120
2 25 2325 2275
5 20 1516 1484
18 20 189 211
1 14 1308 1292
11 25 1391 1409
1 3 220 180
18 22 414 386
18 22 402 398
1 25 2383 2417
16 24 812 788
14 24 1016 984
12 21 881 919
5 24 1903 1897
11 12 76 124
3 15 1217 1183
22 25 285 315
11 15 395 405
3 12 906 894
4 16 1213 1187
12 13 95 105
3 13 984 1016
15 18 320 280
3 8 476 524
13 14 106 94
1 23 2223 2177
18 19 115 85
16 19 317 283
21 24 279 321
21 24 289 311
14 18 379 421
15 23 805 795
13 25 1211 1189
6 10 396 404
12 19 677 723
3 22 1905 1895
4 14 1009 991
8 23 1506 1494
19 23 424 376
4 11 681 719
1 11 1018 982
7 22 1520 1480
3 22 1889 1911
4 15 1113 1087
8 10 196 204
4 17 1314 1286
1 8 710 690
12 13 116 84
8 18 1006 994
9 20 1100 1100
18 20 209 191
3 18 1525 1475
2 3 105 95
1 4 288 312
12 16 400 400
0